[data]
datapath = database/DAVIS/JPEGImages/Full-Resolution/
dframe = 1
init_frame = 0
end_frame = -1
can_frame = -1

[data_0]
near_far = 0.000000, 10.115649
ks = 1.745534623012967586e+03 1.745534623012967586e+03 4.099708862304687500e+02 1.124197998046875000e+03

