[data]
datapath = database/DAVIS/JPEGImages/Full-Resolution/
dframe = 1
init_frame = 0
end_frame = -1
can_frame = -1

[data_0]
ks = 2121.068882327623 2121.068882327623 1104.4833984375 604.4934692382812
