[data]
datapath = database/DAVIS/JPEGImages/Full-Resolution/
dframe = 1
init_frame = 0
end_frame = -1
can_frame = -1

[data_0]
near_far = 0.241491, 6.990132
ks = 1.941553129111886619e+03 1.941553129111886619e+03 9.774086914062500000e+02 5.443981323242187500e+02

