[data]
datapath = database/DAVIS/JPEGImages/Full-Resolution/
dframe = 1
init_frame  = 20
end_frame = 35
can_frame = -1

[data_0]
datapath = database/DAVIS/JPEGImages/Full-Resolution/cat_601/
near_far = 0.905350, 7.028541
ks = 1.782553477728288044e+03 1.782553477728288044e+03 9.689028320312500000e+02 5.420979614257812500e+02
