[data]
datapath = database/DAVIS/JPEGImages/Full-Resolution/
dframe = 1
init_frame = 0
end_frame = -1
can_frame = -1

[data_0]
near_far = 1.179256, 9.887879
ks = 1.782119637417593140e+03 1.782119637417593140e+03 9.764782714843750000e+02 5.486796264648437500e+02

