[data]
datapath = database/DAVIS/JPEGImages/Full-Resolution/
dframe = 1
init_frame = 0
end_frame = -1
can_frame = -1

[data_0]
ks = 1944.187978437197 1944.187978437197 969.760009765625 556.43408203125
