[data]
dframe = 1
init_frame  = 22
end_frame = 24
can_frame = -1

[data_0]
ks = 2121.068882327623 2121.068882327623 1104.4833984375 604.4934692382812
datapath = database/DAVIS/JPEGImages/Full-Resolution/cat_905/
