[data]
datapath = database/DAVIS/JPEGImages/Full-Resolution/cat_601
dframe = 1
init_frame  = 0
end_frame = -1
can_frame = -1

[data_0]
near_far = 0.905350, 7.028541
ks = 1.782553477728288044e+03 1.782553477728288044e+03 9.689028320312500000e+02 5.420979614257812500e+02

[data_1]
datapath = database/DAVIS/JPEGImages/Full-Resolution/cat_509
near_far = 0.860064, 4.622504
ks = 1.778291410285320353e+03 1.778291410285320353e+03 9.641549072265625000e+02 5.306425170898437500e+02
