[data]
datapath = database/DAVIS/JPEGImages/Full-Resolution/
dframe = 1
init_frame  = 0
end_frame = -1
can_frame = -1

[data_0]
datapath = database/DAVIS/JPEGImages/Full-Resolution/
near_far = 0.24808011475363814, 0.8670293529666634
ks = 1.782553477728288044e+03 1.782553477728288044e+03 9.689028320312500000e+02 5.420979614257812500e+02
