[data]
datapath = database/DAVIS/JPEGImages/Full-Resolution/
dframe = 1
init_frame = 0
end_frame = -1
can_frame = -1

[data_0]
near_far = 0.164258, 1.033161
ks = 1773.4052143993488 1773.4052143993488 927.3142700195312 558.712158203125

