[data]
datapath = database/DAVIS/JPEGImages/Full-Resolution/
dframe = 1
init_frame  = 0
end_frame = -1
can_frame = -1

[data_0]
near_far = 0.10083203759934385, 0.9839410434569362
ks = 1.941553129111886619e+03 1.941553129111886619e+03 9.774086914062500000e+02 5.443981323242187500e+02
rtk_path = /private/home/gengshany/code/vid2shape/logdir/nerfies-nerfies_cat_600/nerfies_cat_600-cam
