[data]
datapath = database/DAVIS/JPEGImages/Full-Resolution/
dframe = 1
init_frame  = 0
end_frame = -1
can_frame = -1

[data_0]
near_far = 0.01818872721982872, 0.9767174693246925
ks = 1.782119637417593140e+03 1.782119637417593140e+03 9.764782714843750000e+02 5.486796264648437500e+02
rtk_path = /private/home/gengshany/code/vid2shape/logdir/nerfies-nerfies_cat_511/nerfies_cat_511-cam
