[data]
datapath = database/DAVIS/JPEGImages/Full-Resolution/
dframe = 1
init_frame  = 0
end_frame = -1
can_frame = -1

[data_0]
near_far = 0.16425777859018234, 1.0331611421614595
ks = 1773.4052144 1773.4052144 927.31427002 558.7121582
rtk_path = /private/home/gengshany/code/vid2shape/logdir/nerfies-nerfies_cat_900/nerfies_cat_900-cam
