[data]
datapath = database/DAVIS/JPEGImages/Full-Resolution/
dframe = 1
init_frame  = 0
end_frame = -1
can_frame = -1

[data_0]
near_far = 0.011180278416273101, 0.9013729361961467
ks = 1.778291410285320353e+03 1.778291410285320353e+03 9.641549072265625000e+02 5.306425170898437500e+02
rtk_path = /private/home/gengshany/code/vid2shape/logdir/nerfies-nerfies_cat_509/nerfies_cat_509-cam
