[data]
datapath = database/DAVIS/JPEGImages/Full-Resolution/
dframe = 1
init_frame  = 0
end_frame = -1
can_frame = -1

[data_0]
near_far = 9.88229983690255e-05, 0.8863167270374899
ks = 1.745534623012967586e+03, 1.745534623012967586e+03, 4.099708862304687500e+02, 1.124197998046875000e+03
rtk_path = /private/home/gengshany/code/vid2shape/logdir/nerfies-nerfies_cat_501/nerfies_cat_501-cam
