[data]
datapath = database/DAVIS/JPEGImages/Full-Resolution/
dframe = 1
init_frame  = 0
end_frame = -1
can_frame = -1

[data_0]
near_far = 0.3008959170252035, 0.7839495463155205
ks = 1.908244052833483465e+03 1.908244052833483465e+03 5.323833007812500000e+02 1.052906250000000000e+03
rtk_path = /private/home/gengshany/code/vid2shape/logdir/nerfies-nerfies_cat_700/nerfies_cat_700-cam
