[data]
datapath = database/DAVIS/JPEGImages/Full-Resolution/
dframe = 1
init_frame = 750
end_frame = 900
can_frame = -1

[data_0]
ks = 1111.0891608773807000 1109.5029285201724000 799.5000000000000000 599.5000000000000000
