[data]
dframe = 1
init_frame = 0
end_frame = -1
can_frame = -1

[data_0]
datapath = database/DAVIS/JPEGImages/Full-Resolution/T_swing1/
ks = 1111.0891608773807000 1109.5029285201724000 799.5000000000000000 599.5000000000000000
